10.3584 18.4209 5.09588 11.5593 6.68815 9.79485 9.08265 9.50751 11.9793 13.35 12.0126 14.4161 
17.9565 13.4417 12.0126 14.4161 11.9793 13.35 14.998 9.12372 17.0329 8.0178 18.7899 8.38947 
14.998 9.12372 11.9793 13.35 9.08265 9.50751 10.2134 7.80031 
5.09588 11.5593 -24.1604 16.1161 4.56254 5.7758 5.17514 5.72135 6.68815 9.79485 
14.998 9.12372 10.2134 7.80031 10.2654 6.62963 14.0771 4.18442 17.0329 8.0178 
9.08265 9.50751 6.68815 9.79485 5.17514 5.72135 5.31068 5.55616 9.0859 5.2816 10.2654 6.62963 10.2134 7.80031 
14.0771 4.18442 10.2654 6.62963 9.0859 5.2816 9.33827 2.75789 13.8662 1.94138 
9.0859 5.2816 5.31068 5.55616 6.01148 -0.205979 9.33827 2.75789 
18.7899 8.38947 17.0329 8.0178 14.0771 4.18442 13.8662 1.94138 14.3276 0.760216 22.5584 0.840128 18.9006 8.34827 
13.8662 1.94138 9.33827 2.75789 6.01148 -0.205979 -74.3169 -214.997 14.3276 0.760216 
