5 15
15.9929702925766 15.4768741475167
20.7522130419721 13.0151968633466
15.4459308960944 12.139933828975
8.4438266211218 12.3587495875679
7.7873793453431 6.8883556227456
12.7107339136832 7.1071713813385
11.9995826982563 9.678256544805
23.6515218433279 6.7242438038009
17.2511609044858 3.6061192438522
10.8507999656436 4.2078625799826
3.9581035699674 8.3106580535994
2.4810971994654 4.2078625799826
3.5204720527817 3.3873034852593
7.5685635867502 3.8796389420933
10.2490566295131 0.870922261441
17.305864844134 -2.0283865399148
