4000 3000
35 26 17 379 492
118 76 52 189 2734
165 146 140 3112 1180
188 145 94 2604 1597
219 204 197 2433 1215
178 180 35 960 2660
95 84 30 878 1076
208 168 83 2625 2729
22 13 8 392 206
65 56 23 3174 860
22 13 8 241 2041
73 68 39 3104 502
221 210 206 2435 600
19 14 8 378 1796
27 23 22 1020 95
73 59 50 3099 2182
34 25 20 1095 1638
148 116 69 1495 1162
170 163 31 870 2842
39 29 27 1294 1130
214 174 89 3485 2853
193 153 84 3561 2278
115 111 38 3005 562
193 161 104 3499 2556
224 209 206 2300 747
168 182 25 975 1806
176 132 69 1485 2690
164 144 49 779 2977
163 127 93 3003 1478
180 182 36 1082 2558
200 161 86 3928 2568
198 162 128 2391 1515
192 150 92 2454 1751
153 122 93 2773 1570
180 143 88 2532 2278
43 33 34 1238 330
197 157 85 2027 2695
209 199 197 2904 474
193 174 43 763 2235
141 142 40 795 1051
31 21 19 1129 1500
186 162 138 2214 1297
211 172 95 3444 2919
108 82 65 1484 863
156 148 49 2790 563
215 204 200 3385 21
43 33 34 1184 459
146 100 50 1482 2135
21 12 7 391 1698
29 20 11 161 201
224 209 206 2317 815
184 148 122 3533 1275
217 183 111 3796 2767
178 154 120 1643 1363
30 25 21 1183 1722
173 162 130 3202 646
159 119 70 2253 1955
207 192 189 3242 540
185 141 76 3314 1819
195 154 88 3753 2047
65 51 50 2777 1579
193 187 39 804 2146
177 138 95 2796 1678
179 181 35 1059 2572
184 143 79 2068 2888
61 78 23 775 34
21 12 7 200 1863
209 171 106 3547 2747
184 155 113 3461 2613
195 180 173 1899 1267
197 187 38 791 2264
21 11 9 418 2336
94 98 11 3840 1028
164 176 30 1038 1881
194 150 85 2731 1895
81 87 15 3735 130
185 193 32 1016 2343
210 195 192 3289 502
83 65 45 1585 1021
207 192 189 1981 995
193 150 81 3060 2693
131 104 59 1367 1152
188 192 33 955 2324
171 130 86 2945 1363
168 124 79 1923 1757
192 179 87 2062 64
157 141 125 3820 337
167 127 76 3065 2088
158 152 56 2814 397
173 129 64 1522 2640
165 131 106 2879 1528
196 156 87 3625 2939
208 193 190 3342 455
209 170 93 2824 2612
150 101 68 3869 1981
222 192 142 2169 466
170 136 108 2139 1390
182 140 82 2363 2061
54 43 41 1685 769
187 159 76 702 2449
