




10.3584 18.4209 5.09588 11.5593 6.68815 9.79485 
10.3584 18.4209 6.68815 9.79485 9.08265 9.50751 
10.3584 18.4209 9.08265 9.50751 11.9793 13.35 
10.3584 18.4209 11.9793 13.35 12.0126 14.4161 


17.9565 13.4417 12.0126 14.4161 11.9793 13.35 
17.9565 13.4417 11.9793 13.35 14.998 9.12372 
17.9565 13.4417 14.998 9.12372 17.0329 8.0178 
17.9565 13.4417 17.0329 8.0178 18.7899 8.38947 


12.0126 14.4161 10.3584 18.4209 5.09588 11.5593 
12.0126 14.4161 5.09588 11.5593 6.68815 9.79485 
12.0126 14.4161 6.68815 9.79485 9.08265 9.50751 
12.0126 14.4161 9.08265 9.50751 11.9793 13.35 


18.7899 8.38947 17.9565 13.4417 12.0126 14.4161 
18.7899 8.38947 12.0126 14.4161 11.9793 13.35 
18.7899 8.38947 11.9793 13.35 14.998 9.12372 
18.7899 8.38947 14.998 9.12372 17.0329 8.0178 

12.0126 14.4161 11.9793 13.35 14.998 9.12372 
12.0126 14.4161 14.998 9.12372 17.0329 8.0178 
12.0126 14.4161 17.0329 8.0178 18.7899 8.38947 
12.0126 14.4161 18.7899 8.38947 17.9565 13.4417 

11.9793 13.35 12.0126 14.4161 10.3584 18.4209 
11.9793 13.35 10.3584 18.4209 5.09588 11.5593 
11.9793 13.35 5.09588 11.5593 6.68815 9.79485 
11.9793 13.35 6.68815 9.79485 9.08265 9.50751 

11.9793 13.35 14.998 9.12372 17.0329 8.0178 
11.9793 13.35 17.0329 8.0178 18.7899 8.38947 
11.9793 13.35 18.7899 8.38947 17.9565 13.4417 
11.9793 13.35 17.9565 13.4417 12.0126 14.4161 

14.998 9.12372 11.9793 13.35 9.08265 9.50751 
14.998 9.12372 9.08265 9.50751 10.2134 7.80031 

11.9793 13.35 9.08265 9.50751 10.2134 7.80031 
11.9793 13.35 10.2134 7.80031 14.998 9.12372 

9.08265 9.50751 11.9793 13.35 12.0126 14.4161 
9.08265 9.50751 12.0126 14.4161 10.3584 18.4209 
9.08265 9.50751 10.3584 18.4209 5.09588 11.5593 
9.08265 9.50751 5.09588 11.5593 6.68815 9.79485 


5.09588 11.5593 -24.1604 16.1161 4.56254 5.7758 
5.09588 11.5593 4.56254 5.7758 5.17514 5.72135 
5.09588 11.5593 5.17514 5.72135 6.68815 9.79485 

5.09588 11.5593 6.68815 9.79485 9.08265 9.50751 
5.09588 11.5593 9.08265 9.50751 11.9793 13.35 
5.09588 11.5593 11.9793 13.35 12.0126 14.4161 
5.09588 11.5593 12.0126 14.4161 10.3584 18.4209 

6.68815 9.79485 5.09588 11.5593 -24.1604 16.1161 
6.68815 9.79485 -24.1604 16.1161 4.56254 5.7758 
6.68815 9.79485 4.56254 5.7758 5.17514 5.72135 

10.2134 7.80031 14.998 9.12372 11.9793 13.35 
10.2134 7.80031 11.9793 13.35 9.08265 9.50751 

14.998 9.12372 10.2134 7.80031 10.2654 6.62963 
14.998 9.12372 10.2654 6.62963 14.0771 4.18442 
14.998 9.12372 14.0771 4.18442 17.0329 8.0178 

6.68815 9.79485 9.08265 9.50751 11.9793 13.35 
6.68815 9.79485 11.9793 13.35 12.0126 14.4161 
6.68815 9.79485 12.0126 14.4161 10.3584 18.4209 
6.68815 9.79485 10.3584 18.4209 5.09588 11.5593 

9.08265 9.50751 6.68815 9.79485 5.17514 5.72135 
9.08265 9.50751 5.17514 5.72135 5.31068 5.55616 
9.08265 9.50751 5.31068 5.55616 9.0859 5.2816 
9.08265 9.50751 9.0859 5.2816 10.2654 6.62963 
9.08265 9.50751 10.2654 6.62963 10.2134 7.80031 



6.68815 9.79485 5.17514 5.72135 5.31068 5.55616 
6.68815 9.79485 5.31068 5.55616 9.0859 5.2816 
6.68815 9.79485 9.0859 5.2816 10.2654 6.62963 
6.68815 9.79485 10.2654 6.62963 10.2134 7.80031 
6.68815 9.79485 10.2134 7.80031 9.08265 9.50751 

5.17514 5.72135 6.68815 9.79485 5.09588 11.5593 
5.17514 5.72135 5.09588 11.5593 -24.1604 16.1161 
5.17514 5.72135 -24.1604 16.1161 4.56254 5.7758 

9.08265 9.50751 10.2134 7.80031 14.998 9.12372 
9.08265 9.50751 14.998 9.12372 11.9793 13.35 

10.2134 7.80031 9.08265 9.50751 6.68815 9.79485 
10.2134 7.80031 6.68815 9.79485 5.17514 5.72135 
10.2134 7.80031 5.17514 5.72135 5.31068 5.55616 
10.2134 7.80031 5.31068 5.55616 9.0859 5.2816 
10.2134 7.80031 9.0859 5.2816 10.2654 6.62963 

14.998 9.12372 17.0329 8.0178 18.7899 8.38947 
14.998 9.12372 18.7899 8.38947 17.9565 13.4417 
14.998 9.12372 17.9565 13.4417 12.0126 14.4161 
14.998 9.12372 12.0126 14.4161 11.9793 13.35 

17.0329 8.0178 14.998 9.12372 10.2134 7.80031 
17.0329 8.0178 10.2134 7.80031 10.2654 6.62963 
17.0329 8.0178 10.2654 6.62963 14.0771 4.18442 

10.2134 7.80031 10.2654 6.62963 14.0771 4.18442 
10.2134 7.80031 14.0771 4.18442 17.0329 8.0178 
10.2134 7.80031 17.0329 8.0178 14.998 9.12372 

10.2654 6.62963 10.2134 7.80031 9.08265 9.50751 
10.2654 6.62963 9.08265 9.50751 6.68815 9.79485 
10.2654 6.62963 6.68815 9.79485 5.17514 5.72135 
10.2654 6.62963 5.17514 5.72135 5.31068 5.55616 
10.2654 6.62963 5.31068 5.55616 9.0859 5.2816 

10.2654 6.62963 14.0771 4.18442 17.0329 8.0178 
10.2654 6.62963 17.0329 8.0178 14.998 9.12372 
10.2654 6.62963 14.998 9.12372 10.2134 7.80031 

14.0771 4.18442 10.2654 6.62963 9.0859 5.2816 
14.0771 4.18442 9.0859 5.2816 9.33827 2.75789 
14.0771 4.18442 9.33827 2.75789 13.8662 1.94138 

-24.1604 16.1161 4.56254 5.7758 5.17514 5.72135 
-24.1604 16.1161 5.17514 5.72135 6.68815 9.79485 
-24.1604 16.1161 6.68815 9.79485 5.09588 11.5593 


10.2654 6.62963 9.0859 5.2816 9.33827 2.75789 
10.2654 6.62963 9.33827 2.75789 13.8662 1.94138 
10.2654 6.62963 13.8662 1.94138 14.0771 4.18442 

9.0859 5.2816 10.2654 6.62963 10.2134 7.80031 
9.0859 5.2816 10.2134 7.80031 9.08265 9.50751 
9.0859 5.2816 9.08265 9.50751 6.68815 9.79485 
9.0859 5.2816 6.68815 9.79485 5.17514 5.72135 
9.0859 5.2816 5.17514 5.72135 5.31068 5.55616 

5.31068 5.55616 9.0859 5.2816 10.2654 6.62963 
5.31068 5.55616 10.2654 6.62963 10.2134 7.80031 
5.31068 5.55616 10.2134 7.80031 9.08265 9.50751 
5.31068 5.55616 9.08265 9.50751 6.68815 9.79485 
5.31068 5.55616 6.68815 9.79485 5.17514 5.72135 

9.0859 5.2816 5.31068 5.55616 6.01148 -0.205979 
9.0859 5.2816 6.01148 -0.205979 9.33827 2.75789 

17.0329 8.0178 18.7899 8.38947 17.9565 13.4417 
17.0329 8.0178 17.9565 13.4417 12.0126 14.4161 
17.0329 8.0178 12.0126 14.4161 11.9793 13.35 
17.0329 8.0178 11.9793 13.35 14.998 9.12372 

18.7899 8.38947 17.0329 8.0178 14.0771 4.18442 
18.7899 8.38947 14.0771 4.18442 13.8662 1.94138 
18.7899 8.38947 13.8662 1.94138 14.3276 0.760216 
18.7899 8.38947 14.3276 0.760216 22.5584 0.840128 
18.7899 8.38947 22.5584 0.840128 18.9006 8.34827 

17.0329 8.0178 14.0771 4.18442 13.8662 1.94138 
17.0329 8.0178 13.8662 1.94138 14.3276 0.760216 
17.0329 8.0178 14.3276 0.760216 22.5584 0.840128 
17.0329 8.0178 22.5584 0.840128 18.9006 8.34827 
17.0329 8.0178 18.9006 8.34827 18.7899 8.38947 

14.0771 4.18442 17.0329 8.0178 14.998 9.12372 
14.0771 4.18442 14.998 9.12372 10.2134 7.80031 
14.0771 4.18442 10.2134 7.80031 10.2654 6.62963 




18.9006 8.34827 18.7899 8.38947 17.0329 8.0178 
18.9006 8.34827 17.0329 8.0178 14.0771 4.18442 
18.9006 8.34827 14.0771 4.18442 13.8662 1.94138 
18.9006 8.34827 13.8662 1.94138 14.3276 0.760216 
18.9006 8.34827 14.3276 0.760216 22.5584 0.840128 


22.5584 0.840128 18.9006 8.34827 18.7899 8.38947 
22.5584 0.840128 18.7899 8.38947 17.0329 8.0178 
22.5584 0.840128 17.0329 8.0178 14.0771 4.18442 
22.5584 0.840128 14.0771 4.18442 13.8662 1.94138 
22.5584 0.840128 13.8662 1.94138 14.3276 0.760216 

9.0859 5.2816 9.33827 2.75789 13.8662 1.94138 
9.0859 5.2816 13.8662 1.94138 14.0771 4.18442 
9.0859 5.2816 14.0771 4.18442 10.2654 6.62963 

9.33827 2.75789 9.0859 5.2816 5.31068 5.55616 
9.33827 2.75789 5.31068 5.55616 6.01148 -0.205979 

4.56254 5.7758 5.17514 5.72135 6.68815 9.79485 
4.56254 5.7758 6.68815 9.79485 5.09588 11.5593 
4.56254 5.7758 5.09588 11.5593 -24.1604 16.1161 


5.17514 5.72135 5.31068 5.55616 9.0859 5.2816 
5.17514 5.72135 9.0859 5.2816 10.2654 6.62963 
5.17514 5.72135 10.2654 6.62963 10.2134 7.80031 
5.17514 5.72135 10.2134 7.80031 9.08265 9.50751 
5.17514 5.72135 9.08265 9.50751 6.68815 9.79485 


5.31068 5.55616 6.01148 -0.205979 9.33827 2.75789 
5.31068 5.55616 9.33827 2.75789 9.0859 5.2816 


14.0771 4.18442 13.8662 1.94138 14.3276 0.760216 
14.0771 4.18442 14.3276 0.760216 22.5584 0.840128 
14.0771 4.18442 22.5584 0.840128 18.9006 8.34827 
14.0771 4.18442 18.9006 8.34827 18.7899 8.38947 
14.0771 4.18442 18.7899 8.38947 17.0329 8.0178 

13.8662 1.94138 14.0771 4.18442 10.2654 6.62963 
13.8662 1.94138 10.2654 6.62963 9.0859 5.2816 
13.8662 1.94138 9.0859 5.2816 9.33827 2.75789 

9.33827 2.75789 13.8662 1.94138 14.0771 4.18442 
9.33827 2.75789 14.0771 4.18442 10.2654 6.62963 
9.33827 2.75789 10.2654 6.62963 9.0859 5.2816 

13.8662 1.94138 9.33827 2.75789 6.01148 -0.205979 
13.8662 1.94138 6.01148 -0.205979 -74.3169 -214.997 
13.8662 1.94138 -74.3169 -214.997 14.3276 0.760216 

9.33827 2.75789 6.01148 -0.205979 -74.3169 -214.997 
9.33827 2.75789 -74.3169 -214.997 14.3276 0.760216 
9.33827 2.75789 14.3276 0.760216 13.8662 1.94138 

6.01148 -0.205979 9.33827 2.75789 9.0859 5.2816 
6.01148 -0.205979 9.0859 5.2816 5.31068 5.55616 

13.8662 1.94138 14.3276 0.760216 22.5584 0.840128 
13.8662 1.94138 22.5584 0.840128 18.9006 8.34827 
13.8662 1.94138 18.9006 8.34827 18.7899 8.38947 
13.8662 1.94138 18.7899 8.38947 17.0329 8.0178 
13.8662 1.94138 17.0329 8.0178 14.0771 4.18442 

14.3276 0.760216 13.8662 1.94138 9.33827 2.75789 
14.3276 0.760216 9.33827 2.75789 6.01148 -0.205979 
14.3276 0.760216 6.01148 -0.205979 -74.3169 -214.997 

14.3276 0.760216 22.5584 0.840128 18.9006 8.34827 
14.3276 0.760216 18.9006 8.34827 18.7899 8.38947 
14.3276 0.760216 18.7899 8.38947 17.0329 8.0178 
14.3276 0.760216 17.0329 8.0178 14.0771 4.18442 
14.3276 0.760216 14.0771 4.18442 13.8662 1.94138 



-74.3169 -214.997 14.3276 0.760216 13.8662 1.94138 
-74.3169 -214.997 13.8662 1.94138 9.33827 2.75789 
-74.3169 -214.997 9.33827 2.75789 6.01148 -0.205979 

6.01148 -0.205979 -74.3169 -214.997 14.3276 0.760216 
6.01148 -0.205979 14.3276 0.760216 13.8662 1.94138 
6.01148 -0.205979 13.8662 1.94138 9.33827 2.75789 








